world: b3c4560d-d46f-4339-8a8e-a887e6ab9eae
world-name: world
x: 927.14777
y: 63.0
z: 487.25473
yaw: 142.13116455078125
pitch: 64.51788330078125
name: granja2
lastowner: 00000000-0000-0000-0009-01fc8438d36b
