world: b3c4560d-d46f-4339-8a8e-a887e6ab9eae
world-name: world
x: 630.5001
y: 63.0
z: 517.17786
yaw: -161.78863525390625
pitch: 19.471527099609375
name: granja1
lastowner: 00000000-0000-0000-0009-01f2bc8cc07f
